0	0.25	-0.0009270000000000111
1	0.25	0.001350999999999991
2	0.25	-0.0006390000000000007
3	0.25	0.004126999999999992
4	0.25	0.01066499999999998
5	0.25	0.0022019999999999817
6	0.25	0.004444999999999977
7	0.25	-0.0004939999999999944
8	0.25	-0.002954000000000012
9	0.25	-0.005572999999999995
10	0.25	0.00819000000000003
11	0.25	-0.003929000000000016
12	0.25	0.005666000000000004
13	0.25	0.0037209999999999743
14	0.25	0.005479999999999985
15	0.25	-0.0005580000000000029
16	0.25	-0.00009100000000000774
17	0.25	-0.0008569999999999967
18	0.25	-0.0006240000000000134
19	0.25	-0.0035439999999999916
20	0.25	-0.0047440000000000815
21	0.25	-0.0025209999999999955
22	0.25	-0.005361999999999978
23	0.25	-0.020052999999999988
24	0.25	-0.00848900000000008
25	0.25	0.0061589999999999145
26	0.25	0.011040999999999968
27	0.25	0.0064029999999999365
28	0.25	0.026572999999999958
29	0.25	0.05808900000000006
0	0.2525	-0.004791999999999963
1	0.2525	0.004313000000000011
2	0.2525	0.00009900000000001574
3	0.2525	-0.0031909999999999994
4	0.2525	0.0031200000000000117
5	0.2525	-0.0021769999999999845
6	0.2525	0.004206999999999961
7	0.2525	0.00279299999999999
8	0.2525	0.005909999999999971
9	0.2525	-0.00019200000000002548
10	0.2525	0.0021260000000000168
11	0.2525	0.002169000000000032
12	0.2525	0.00021199999999998997
13	0.2525	-0.003908999999999996
14	0.2525	0.002684999999999993
15	0.2525	0.0016799999999999593
16	0.2525	0.0017539999999999778
17	0.2525	0.0069089999999999985
18	0.2525	0.010007000000000044
19	0.2525	-0.006328
20	0.2525	0.015943999999999958
21	0.2525	-0.0014480000000000048
22	0.2525	-0.005091000000000068
23	0.2525	-0.0015540000000000553
24	0.2525	0.0006039999999999379
25	0.2525	0.008175999999999961
26	0.2525	0.012851000000000057
27	0.2525	0.007618000000000014
28	0.2525	0.022135000000000016
29	0.2525	0.03036799999999995
0	0.255	-0.0026559999999999917
1	0.255	-0.0013259999999999939
2	0.255	0.00215700000000002
3	0.255	0.0033139999999999836
4	0.255	0.00576500000000002
5	0.255	0.004383000000000026
6	0.255	0.003713000000000022
7	0.255	0.0014039999999999608
8	0.255	-0.001224999999999976
9	0.255	0.0030879999999999797
10	0.255	-0.0007139999999999924
11	0.255	-0.00017499999999998073
12	0.255	0.006092000000000042
13	0.255	0.0020780000000000243
14	0.255	0.006211999999999995
15	0.255	-0.003983000000000014
16	0.255	0.00195500000000004
17	0.255	0.007674000000000014
18	0.255	0.014558000000000071
19	0.255	0.008772000000000002
20	0.255	0.02019100000000007
21	0.255	0.003921000000000063
22	0.255	-0.0025450000000000195
23	0.255	0.0061550000000000216
24	0.255	0.015616999999999992
25	0.255	0.0006429999999999492
26	0.255	-0.002990999999999966
27	0.255	0.003506999999999927
28	0.255	0.01885800000000004
29	0.255	0.038402999999999965
0	0.2575	0.002228999999999981
1	0.2575	0.008396000000000015
2	0.2575	0.0028369999999999784
3	0.2575	-0.006983000000000017
4	0.2575	-0.002004999999999979
5	0.2575	-0.0015519999999999978
6	0.2575	0.0025499999999999967
7	0.2575	0.0034700000000000286
8	0.2575	0.0009319999999999884
9	0.2575	0.001489000000000018
10	0.2575	0.0029449999999999754
11	0.2575	-0.0016200000000000103
12	0.2575	0.005483999999999989
13	0.2575	0.009904999999999997
14	0.2575	0.005937999999999999
15	0.2575	0.002562999999999982
16	0.2575	0.005685999999999969
17	0.2575	0.008797999999999973
18	0.2575	0.0032000000000000917
19	0.2575	-0.009132000000000029
20	0.2575	-0.03153600000000001
21	0.2575	-0.028356000000000048
22	0.2575	-0.019109000000000043
23	0.2575	0.0005450000000000177
24	0.2575	0.0016329999999999956
25	0.2575	0.0010910000000000641
26	0.2575	-0.0015370000000000106
27	0.2575	-0.004238999999999993
28	0.2575	0.003719000000000028
29	0.2575	0.026784999999999948
0	0.26	-0.0023230000000000195
1	0.26	-0.002739000000000047
2	0.26	-0.0025169999999999915
3	0.26	0.00027399999999999647
4	0.26	0.0028690000000000104
5	0.26	0.006035999999999986
6	0.26	0.004182999999999992
7	0.26	-0.004233000000000042
8	0.26	0.002948000000000006
9	0.26	0.007170999999999983
10	0.26	0.0025270000000000015
11	0.26	-0.000018999999999991246
12	0.26	0.0019200000000000328
13	0.26	0.0017229999999999746
14	0.26	-0.0031930000000000014
15	0.26	0.01082999999999995
16	0.26	0.005251000000000006
17	0.26	0.005338999999999983
18	0.26	-0.011533000000000015
19	0.26	-0.011352000000000029
20	0.26	-0.0036760000000000126
21	0.26	-0.005390999999999924
22	0.26	-0.001790999999999987
23	0.26	-0.007290000000000019
24	0.26	-0.0044999999999999485
25	0.26	-0.0013260000000000494
26	0.26	0.004554000000000058
27	0.26	0.004766000000000048
28	0.26	0.012639000000000067
29	0.26	0.036188
0	0.2625	0.0011769999999999836
1	0.2625	0.0009659999999999669
2	0.2625	0.008021
3	0.2625	-0.0037970000000000503
4	0.2625	0.0011419999999999764
5	0.2625	0.0011970000000000036
6	0.2625	-0.0031160000000000077
7	0.2625	0.003603999999999996
8	0.2625	0.004836000000000007
9	0.2625	0.008346999999999993
10	0.2625	0.007830000000000004
11	0.2625	0.00719599999999998
12	0.2625	0.0018500000000000183
13	0.2625	0.005421999999999982
14	0.2625	-0.001929000000000014
15	0.2625	0.00043599999999999195
16	0.2625	-0.0020120000000000138
17	0.2625	0.000280000000000058
18	0.2625	0.002747000000000055
19	0.2625	-0.0069669999999999455
20	0.2625	-0.012283000000000044
21	0.2625	-0.01863999999999999
22	0.2625	-0.005094999999999961
23	0.2625	-0.0014119999999999688
24	0.2625	0.0006249999999999867
25	0.2625	-0.0021740000000000093
26	0.2625	0.003674999999999984
27	0.2625	0.003942000000000001
28	0.2625	0.010334999999999983
29	0.2625	0.03612199999999999
0	0.265	0.0006459999999999799
1	0.265	0.0006849999999999912
2	0.265	0.0009430000000000271
3	0.265	-0.0006850000000000467
4	0.265	0.0004450000000000287
5	0.265	0.0020540000000000003
6	0.265	0.004688999999999999
7	0.265	0.003255999999999981
8	0.265	0.0021260000000000168
9	0.265	-0.0019119999999999693
10	0.265	0.004296000000000022
11	0.265	0.0006849999999999912
12	0.265	-0.005237000000000047
13	0.265	0.006309999999999982
14	0.265	0.0070230000000000015
15	0.265	-0.006491999999999998
16	0.265	-0.01340199999999997
17	0.265	-0.00689799999999996
18	0.265	0.004209000000000018
19	0.265	-0.00032999999999994145
20	0.265	-0.007225999999999955
21	0.265	0.00011200000000000099
22	0.265	-0.007749000000000006
23	0.265	-0.006565999999999961
24	0.265	-0.00761400000000001
25	0.265	-0.006028000000000033
26	0.265	0.0007599999999999829
27	0.265	0.0061189999999999856
28	0.265	0.014040000000000052
29	0.265	0.025951000000000057
0	0.2675	-0.009886000000000006
1	0.2675	-0.0017920000000000158
2	0.2675	-0.002970000000000028
3	0.2675	-0.00030200000000002447
4	0.2675	0.0037029999999999563
5	0.2675	0.005975000000000008
6	0.2675	-0.0008879999999999999
7	0.2675	-0.0021360000000000268
8	0.2675	-0.0010550000000000281
9	0.2675	-0.0008369999999999767
10	0.2675	0.003686999999999996
11	0.2675	0.0018790000000000195
12	0.2675	0.001363000000000003
13	0.2675	0.0020939999999999848
14	0.2675	-0.002041000000000015
15	0.2675	-0.013861999999999985
16	0.2675	-0.007666999999999979
17	0.2675	0.002654999999999963
18	0.2675	0.026402999999999954
19	0.2675	0.010477999999999987
20	0.2675	-0.0012170000000000236
21	0.2675	0.01283500000000004
22	0.2675	0.012014999999999998
23	0.2675	0.0009869999999999601
24	0.2675	-0.011870000000000047
25	0.2675	-0.005224000000000006
26	0.2675	0.0008070000000000022
27	0.2675	-0.001951000000000036
28	0.2675	0.005279999999999951
29	0.2675	0.018849000000000005
0	0.27	-0.0024270000000000125
1	0.27	-0.004993000000000025
2	0.27	0.0019239999999999813
3	0.27	-0.0018779999999999908
4	0.27	-0.0029629999999999934
5	0.27	0.006420000000000037
6	0.27	0.008527000000000007
7	0.27	0.004722000000000004
8	0.27	-0.0023980000000000112
9	0.27	0.007408999999999999
10	0.27	0.003581999999999974
11	0.27	-0.0011349999999999971
12	0.27	0.004430999999999963
13	0.27	0.0020560000000000023
14	0.27	-0.008855999999999975
15	0.27	-0.007411999999999974
16	0.27	-0.006601999999999997
17	0.27	0.01860800000000007
18	0.27	0.017664000000000013
19	0.27	0.0005100000000000104
20	0.27	0.0014769999999999506
21	0.27	-0.0008139999999999814
22	0.27	-0.009478999999999904
23	0.27	-0.00003199999999992098
24	0.27	0.00014999999999998348
25	0.27	0.00015900000000002024
26	0.27	0.0006760000000000099
27	0.27	-0.003566999999999987
28	0.27	0.009921000000000069
29	0.27	0.04001200000000005
0	0.2725	-0.008032000000000039
1	0.2725	0.0013279999999999959
2	0.2725	0.0004530000000000367
3	0.2725	0.0018320000000000003
4	0.2725	0.0020479999999999943
5	0.2725	-0.0022859999999999547
6	0.2725	-0.0002989999999999937
7	0.2725	-0.0018469999999999875
8	0.2725	0.0007869999999999822
9	0.2725	0.0036089999999999733
10	0.2725	0.0036450000000000093
11	0.2725	0.0009449999999999736
12	0.2725	-0.00043799999999999395
13	0.2725	0.0029939999999999967
14	0.2725	0.006505999999999956
15	0.2725	0.0034960000000000546
16	0.2725	0.000064000000000064
17	0.2725	0.006867999999999985
18	0.2725	0.006449999999999956
19	0.2725	-0.006704999999999961
20	0.2725	0.005087000000000064
21	0.2725	0.0018679999999999808
22	0.2725	0.007958999999999938
23	0.2725	-0.0019940000000000513
24	0.2725	0.00020300000000006424
25	0.2725	0.0012400000000000189
26	0.2725	0.0005960000000000409
27	0.2725	0.0063910000000000355
28	0.2725	0.00907800000000003
29	0.2725	0.02325199999999994
0	0.275	-0.0007709999999999662
1	0.275	0.00500299999999998
2	0.275	-0.003974000000000033
3	0.275	-0.0033829999999999694
4	0.275	0.001927000000000012
5	0.275	0.004720000000000002
6	0.275	0.00011600000000000499
7	0.275	0.00567200000000001
8	0.275	-0.002053000000000027
9	0.275	-0.011736000000000024
10	0.275	0.004608000000000001
11	0.275	-0.002910999999999997
12	0.275	0.001552999999999971
13	0.275	0.0020899999999999808
14	0.275	-0.001348999999999989
15	0.275	-0.009784000000000015
16	0.275	-0.004218999999999973
17	0.275	0.014467000000000008
18	0.275	0.009063999999999961
19	0.275	0.01306699999999994
20	0.275	-0.007048000000000054
21	0.275	-0.0018340000000000023
22	0.275	-0.00359799999999999
23	0.275	-0.005067999999999961
24	0.275	-0.007547999999999999
25	0.275	-0.0016849999999999365
26	0.275	-0.006199999999999983
27	0.275	-0.0050520000000000564
28	0.275	0.007098000000000049
29	0.275	0.03777699999999995
0	0.2775	-0.010979000000000017
1	0.2775	-0.00034000000000000696
2	0.2775	-0.00030799999999997496
3	0.2775	0.004547000000000023
4	0.2775	0.009574000000000027
5	0.2775	0.0012910000000000421
6	0.2775	-0.0016400000000000303
7	0.2775	0.0022139999999999938
8	0.2775	-0.008338999999999985
9	0.2775	0.0014370000000000216
10	0.2775	0.0013150000000000106
11	0.2775	0.00544699999999998
12	0.2775	-0.004335000000000033
13	0.2775	-0.009948000000000012
14	0.2775	0.00583099999999992
15	0.2775	-0.000168000000000057
16	0.2775	0.021360999999999963
17	0.2775	0.028542000000000067
18	0.2775	0.005487999999999937
19	0.2775	0.0008279999999999399
20	0.2775	-0.003573999999999966
21	0.2775	-0.0009239999999999249
22	0.2775	0.0020219999999999683
23	0.2775	0.003086999999999951
24	0.2775	-0.005993000000000026
25	0.2775	0.0007500000000000284
26	0.2775	-0.005498000000000003
27	0.2775	-0.0009270000000000111
28	0.2775	0.0037010000000000653
29	0.2775	0.018947999999999965
0	0.28	-0.00040599999999996195
1	0.28	0.002497000000000027
2	0.28	0.0028549999999999964
3	0.28	-0.0025350000000000095
4	0.28	-0.0006709999999999772
5	0.28	-0.0020689999999999875
6	0.28	0.005159999999999998
7	0.28	0.002724000000000004
8	0.28	-0.00034000000000000696
9	0.28	-0.0006539999999999879
10	0.28	0.005589000000000011
11	0.28	0.004924999999999957
12	0.28	-0.0010159999999999614
13	0.28	0.0014280000000000403
14	0.28	0.0008349999999999191
15	0.28	0.005381999999999998
16	0.28	0.0044839999999999325
17	0.28	0.02761099999999994
18	0.28	0.008047000000000026
19	0.28	-0.001823000000000019
20	0.28	-0.001791000000000098
21	0.28	0.0034559999999999036
22	0.28	-0.003315000000000068
23	0.28	-0.0024769999999999515
24	0.28	-0.0012959999999999638
25	0.28	0.005549000000000026
26	0.28	0.001794999999999991
27	0.28	-0.0034560000000000146
28	0.28	0.009815000000000018
29	0.28	0.03224199999999999
0	0.2825	-0.00753100000000001
1	0.2825	0.0014559999999999573
2	0.2825	0.004269000000000023
3	0.2825	0.0004170000000000007
4	0.2825	0.00407200000000002
5	0.2825	-0.004068000000000016
6	0.2825	-0.003993000000000024
7	0.2825	0.0010240000000000249
8	0.2825	0.002703000000000011
9	0.2825	-0.0003589999999999982
10	0.2825	0.011685000000000001
11	0.2825	0.00717000000000001
12	0.2825	-0.00019700000000000273
13	0.2825	-0.0032680000000000486
14	0.2825	-0.008253999999999984
15	0.2825	-0.019059999999999966
16	0.2825	-0.019525000000000015
17	0.2825	-0.010827000000000031
18	0.2825	-0.0020280000000000298
19	0.2825	-0.00929100000000005
20	0.2825	-0.0046279999999999655
21	0.2825	0.004033000000000064
22	0.2825	0.008923999999999932
23	0.2825	-0.0007329999999999837
24	0.2825	-0.002599000000000018
25	0.2825	-0.0022769999999999735
26	0.2825	-0.0020540000000000003
27	0.2825	-0.005535999999999985
28	0.2825	0.0062069999999999625
29	0.2825	0.02279999999999993
0	0.285	-0.005136000000000029
1	0.285	-0.004601000000000022
2	0.285	0.0004790000000000072
3	0.285	0.0049839999999999884
4	0.285	0.00039400000000000546
5	0.285	-0.006433000000000022
6	0.285	-0.0048699999999999855
7	0.285	0.0029799999999999827
8	0.285	0.001780999999999977
9	0.285	-0.0010439999999999894
10	0.285	0.013456000000000023
11	0.285	-0.003302000000000027
12	0.285	-0.01194099999999998
13	0.285	-0.016595999999999944
14	0.285	-0.012665000000000037
15	0.285	-0.013378000000000001
16	0.285	-0.003730000000000011
17	0.285	-0.0006959999999999189
18	0.285	0.009303000000000061
19	0.285	-0.005735000000000046
20	0.285	-0.009897999999999962
21	0.285	-0.010174000000000016
22	0.285	0.00011099999999997223
23	0.285	-0.00313399999999997
24	0.285	-0.00007699999999999374
25	0.285	-0.0003569999999999407
26	0.285	-0.0004939999999999944
27	0.285	-0.00024100000000004673
28	0.285	0.003558999999999979
29	0.285	0.02302000000000004
0	0.2875	-0.007562000000000013
1	0.2875	-0.0035169999999999924
2	0.2875	0.001674999999999982
3	0.2875	0.005361999999999978
4	0.2875	-0.0005419999999999869
5	0.2875	-0.0004669999999999952
6	0.2875	-0.007471000000000005
7	0.2875	0.0016149999999999776
8	0.2875	0.005549999999999999
9	0.2875	0.005511999999999961
10	0.2875	0.012241999999999975
11	0.2875	0.01211599999999996
12	0.2875	0.0035209999999999964
13	0.2875	-0.005144999999999955
14	0.2875	0.015131000000000006
15	0.2875	-0.01723600000000003
16	0.2875	-0.011819000000000024
17	0.2875	-0.00210699999999997
18	0.2875	0.00041400000000002546
19	0.2875	-0.006512999999999991
20	0.2875	-0.004399000000000042
21	0.2875	-0.0008879999999999999
22	0.2875	0.0012790000000000301
23	0.2875	0.0022409999999999375
24	0.2875	-0.0002830000000000332
25	0.2875	0.005077999999999916
26	0.2875	0.003395000000000037
27	0.2875	0.0025600000000000067
28	0.2875	0.008490999999999915
29	0.2875	0.02686300000000008
0	0.29	-0.012457999999999969
1	0.29	0.002589000000000008
2	0.29	-0.0014370000000000216
3	0.29	0.008888000000000007
4	0.29	0.006527000000000005
5	0.29	0.002597999999999989
6	0.29	0.010211000000000026
7	0.29	0.010398999999999992
8	0.29	0.007887000000000033
9	0.29	0.005695000000000006
10	0.29	0.0038810000000000233
11	0.29	-0.0025800000000000267
12	0.29	-0.0067070000000000185
13	0.29	-0.0049280000000000435
14	0.29	0.0020860000000000323
15	0.29	-0.010212999999999917
16	0.29	-0.023060999999999998
17	0.29	-0.012060999999999988
18	0.29	0.0068509999999999405
19	0.29	0.007464999999999944
20	0.29	0.0022140000000000493
21	0.29	-0.0025460000000000482
22	0.29	-0.004353000000000051
23	0.29	-0.0025900000000000922
24	0.29	-0.004471000000000003
25	0.29	-0.0036010000000000764
26	0.29	-0.0024879999999999347
27	0.29	-0.0007439999999999669
28	0.29	0.0018639999999999768
29	0.29	0.010877000000000026
0	0.2925	-0.0009799999999999809
1	0.2925	-0.0028549999999999964
2	0.2925	0.002367000000000008
3	0.2925	-0.0008270000000000222
4	0.2925	-0.00040599999999996195
5	0.2925	0.0021820000000000173
6	0.2925	0.0024540000000000117
7	0.2925	0.0036419999999999786
8	0.2925	-0.0036239999999999606
9	0.2925	-0.001658999999999966
10	0.2925	0.0009470000000000312
11	0.2925	-0.0068609999999999505
12	0.2925	-0.0004570000000000407
13	0.2925	-0.009141999999999983
14	0.2925	0.0019200000000000328
15	0.2925	-0.007407000000000052
16	0.2925	-0.007465999999999973
17	0.2925	-0.002990999999999966
18	0.2925	-0.002421999999999924
19	0.2925	-0.002933999999999992
20	0.2925	-0.0005310000000000592
21	0.2925	0.004248999999999947
22	0.2925	0.002350999999999992
23	0.2925	0.00020199999999992446
24	0.2925	-0.003993000000000024
25	0.2925	0.0008890000000000287
26	0.2925	-0.0011729999999999796
27	0.2925	-0.0031320000000000237
28	0.2925	0.005830000000000002
29	0.2925	0.024951999999999974
0	0.295	0.0010000000000000009
1	0.295	0.0012459999999999694
2	0.295	-0.0049899999999999944
3	0.295	0.0023460000000000147
4	0.295	-0.00031799999999998496
5	0.295	-0.0033030000000000004
6	0.295	0.004898999999999987
7	0.295	0.00527099999999997
8	0.295	0.0029120000000000257
9	0.295	0.0062149999999999705
10	0.295	0.0019339999999999913
11	0.295	-0.009991999999999945
12	0.295	-0.008317999999999937
13	0.295	0.008457000000000048
14	0.295	0.017043999999999948
15	0.295	0.017374
16	0.295	0.003646000000000038
17	0.295	0.0029009999999999314
18	0.295	0.0023819999999999952
19	0.295	-0.011739999999999973
20	0.295	-0.003346999999999989
21	0.295	-0.0013030000000000541
22	0.295	0.0010990000000000721
23	0.295	-0.00020200000000003548
24	0.295	0.0004690000000000527
25	0.295	-0.0012699999999999934
26	0.295	0.001570999999999989
27	0.295	0.00046599999999996644
28	0.295	-0.00026500000000007073
29	0.295	0.02316000000000007
0	0.2975	0.0018340000000000023
1	0.2975	-0.005338000000000009
2	0.2975	-0.008643999999999985
3	0.2975	-0.007390000000000008
4	0.2975	0.0044359999999999955
5	0.2975	-0.004371999999999987
6	0.2975	-0.0020170000000000465
7	0.2975	0.004884999999999973
8	0.2975	0.001587000000000005
9	0.2975	-0.008688000000000029
10	0.2975	-0.001923000000000008
11	0.2975	-0.00014099999999994672
12	0.2975	-0.017487999999999948
13	0.2975	-0.02170100000000008
14	0.2975	0.010004000000000013
15	0.2975	0.015002999999999989
16	0.2975	0.008147999999999933
17	0.2975	-0.008093999999999935
18	0.2975	-0.01503500000000002
19	0.2975	-0.0032170000000000254
20	0.2975	-0.002402999999999933
21	0.2975	-0.0037840000000000096
22	0.2975	0.0007620000000000404
23	0.2975	-0.004454999999999987
24	0.2975	-0.004573000000000049
25	0.2975	-0.0012369999999999326
26	0.2975	-0.003051000000000026
27	0.2975	-0.0020319999999999228
28	0.2975	-0.0015440000000001008
29	0.2975	0.023658999999999986
0	0.3	0.00022899999999997922
1	0.3	0.0017560000000000353
2	0.3	0.0016180000000000083
3	0.3	0.0033740000000000436
4	0.3	-0.003070000000000017
5	0.3	0.0005789999999999962
6	0.3	0.0020519999999999983
7	0.3	-0.003029999999999977
8	0.3	-0.0024460000000000037
9	0.3	-0.0041979999999999795
10	0.3	-0.0012110000000000176
11	0.3	-0.0010740000000000194
12	0.3	-0.015653999999999946
13	0.3	-0.023553999999999964
14	0.3	-0.016761999999999944
15	0.3	-0.026422999999999974
16	0.3	-0.007223999999999897
17	0.3	0.003898000000000068
18	0.3	0.0008849999999999136
19	0.3	-0.005021999999999971
20	0.3	-0.004318999999999962
21	0.3	-0.005865000000000009
22	0.3	-0.003582000000000085
23	0.3	-0.00416099999999997
24	0.3	-0.0035889999999999533
25	0.3	-0.003074000000000021
26	0.3	-0.005522999999999945
27	0.3	-0.0032010000000000094
28	0.3	0.0013819999999999943
29	0.3	0.017682000000000087
0	0.3025	-0.0008440000000000114
1	0.3025	-0.005618999999999985
2	0.3025	-0.0038569999999999993
3	0.3025	0.0026149999999999785
4	0.3025	-0.001356999999999997
5	0.3025	0.003709999999999991
6	0.3025	-0.00040000000000001146
7	0.3025	0.00010999999999999899
8	0.3025	0.0013110000000000066
9	0.3025	0.005919999999999981
10	0.3025	0.005963999999999969
11	0.3025	0.006801999999999975
12	0.3025	0.02098
13	0.3025	0.014220999999999928
14	0.3025	0.0067030000000000145
15	0.3025	-0.0023529999999999385
16	0.3025	-0.007198000000000038
17	0.3025	-0.007897000000000043
18	0.3025	-0.0022539999999999782
19	0.3025	-0.0004990000000000272
20	0.3025	-0.0024250000000000105
21	0.3025	-0.0006169999999999787
22	0.3025	0.004085999999999923
23	0.3025	0.0039010000000000433
24	0.3025	0.0005349999999999522
25	0.3025	0.0028920000000000057
26	0.3025	-0.0021050000000000235
27	0.3025	-0.0010759999999999659
28	0.3025	0.004753000000000007
29	0.3025	0.021123000000000003
0	0.305	-0.0038750000000000173
1	0.305	0.0011120000000000019
2	0.305	-0.0020879999999999788
3	0.305	0.0011749999999999816
4	0.305	0.0017049999999999566
5	0.305	0.002279000000000031
6	0.305	-0.00023300000000003873
7	0.305	-0.005274000000000001
8	0.305	-0.0017659999999999898
9	0.305	0.012153000000000025
10	0.305	0.012044000000000055
11	0.305	0.018491999999999953
12	0.305	0.003797999999999968
13	0.305	0.018391000000000046
14	0.305	-0.0064870000000000205
15	0.305	-0.005985000000000018
16	0.305	0.0047119999999999385
17	0.305	0.004631000000000052
18	0.305	-0.0018499999999999073
19	0.305	-0.00946199999999997
20	0.305	-0.001943000000000028
21	0.305	-0.0009080000000000199
22	0.305	-0.00467799999999996
23	0.305	0.00011200000000000099
24	0.305	0.0000700000000000145
25	0.305	-0.0002380000000000715
26	0.305	-0.003045999999999993
27	0.305	-0.0013409999999999256
28	0.305	0.0022480000000000278
29	0.305	0.01812400000000003
0	0.3075	-0.004500000000000004
1	0.3075	-0.0027379999999999627
2	0.3075	-0.0015310000000000046
3	0.3075	0.002145000000000008
4	0.3075	0.002242999999999995
5	0.3075	0.005218999999999974
6	0.3075	0.0024170000000000025
7	0.3075	0.0002830000000000332
8	0.3075	0.012495999999999952
9	0.3075	0.012274000000000007
10	0.3075	0.009431999999999996
11	0.3075	0.013161999999999896
12	0.3075	0.00347900000000001
13	0.3075	-0.004534000000000038
14	0.3075	-0.004722999999999922
15	0.3075	-0.009496999999999978
16	0.3075	-0.004785999999999957
17	0.3075	-0.008484999999999965
18	0.3075	0.002846000000000015
19	0.3075	0.0013849999999999696
20	0.3075	-0.005591000000000013
21	0.3075	-0.0032529999999999504
22	0.3075	-0.004898000000000069
23	0.3075	0.000034000000000089514
24	0.3075	8.000000000008e-6
25	0.3075	-0.0014640000000000208
26	0.3075	0.00007599999999996498
27	0.3075	-0.000028000000000028002
28	0.3075	0.00351799999999991
29	0.3075	0.017994999999999983
0	0.31	-0.011386000000000007
1	0.31	0.0038759999999999906
2	0.31	-0.00020400000000003748
3	0.31	0.006780000000000008
4	0.31	-0.0015149999999999886
5	0.31	-0.00145099999999998
6	0.31	-0.0013330000000000286
7	0.31	-0.0028930000000000344
8	0.31	-0.007454000000000016
9	0.31	0.004284999999999983
10	0.31	0.006037999999999988
11	0.31	0.008271999999999946
12	0.31	-0.01259699999999997
13	0.31	-0.026712999999999987
14	0.31	-0.014527999999999985
15	0.31	-0.00779199999999991
16	0.31	-0.009978000000000042
17	0.31	-0.008449999999999958
18	0.31	-0.0018169999999999575
19	0.31	-0.002734000000000014
20	0.31	-0.0027850000000000374
21	0.31	0.0024140000000000272
22	0.31	0.002733999999999903
23	0.31	0.003946000000000005
24	0.31	-0.0010900000000000354
25	0.31	-0.0032119999999999926
26	0.31	-0.00010700000000007925
27	0.31	-0.0007000000000000339
28	0.31	0.0017080000000000428
29	0.31	0.020836999999999994
0	0.3125	-0.004406000000000021
1	0.3125	-0.0018690000000000095
2	0.3125	0.0028770000000000184
3	0.3125	-0.001719000000000026
4	0.3125	0.007606999999999975
5	0.3125	-0.00021899999999996922
6	0.3125	0.0022070000000000145
7	0.3125	0.004557000000000033
8	0.3125	-0.005940000000000001
9	0.3125	-0.010799000000000003
10	0.3125	-0.02887799999999996
11	0.3125	-0.03952
12	0.3125	-0.028992999999999935
13	0.3125	-0.006215999999999999
14	0.3125	0.006372999999999962
15	0.3125	0.0015479999999999938
16	0.3125	0.0028119999999999257
17	0.3125	0.004309000000000007
18	0.3125	0.0037490000000000023
19	0.3125	0.004840999999999984
20	0.3125	0.007371999999999934
21	0.3125	0.0021250000000000435
22	0.3125	0.0013119999999999798
23	0.3125	0.0026089999999999725
24	0.3125	0.0018890000000000295
25	0.3125	0.0009479999999999489
26	0.3125	0.0020050000000000345
27	0.3125	-0.0007580000000000364
28	0.3125	0.0026209999999999845
29	0.3125	0.017490000000000006
0	0.315	0.006259999999999988
1	0.315	-0.003400000000000014
2	0.315	-0.004014999999999991
3	0.315	0.0030320000000000347
4	0.315	-0.003464999999999996
5	0.315	0.005778999999999979
6	0.315	-0.003954999999999986
7	0.315	0.006182999999999994
8	0.315	-0.0009479999999999489
9	0.315	-0.01590899999999995
10	0.315	-0.005616000000000065
11	0.315	0.005282000000000009
12	0.315	0.013263999999999943
13	0.315	-0.0014010000000000966
14	0.315	0.0029479999999999507
15	0.315	0.006956999999999991
16	0.315	-0.0021599999999999397
17	0.315	-0.007994999999999974
18	0.315	-0.004797999999999969
19	0.315	-0.0006900000000000794
20	0.315	0.0012849999999999806
21	0.315	-0.000032000000000032
22	0.315	-0.0039399999999999435
23	0.315	-0.0062869999999999315
24	0.315	-0.002487000000000017
25	0.315	0.00018399999999996197
26	0.315	0.0011349999999999971
27	0.315	-0.0014960000000000528
28	0.315	0.000010999999999983245
29	0.315	0.021463999999999928
0	0.3175	-0.007853999999999972
1	0.3175	0.004624000000000017
2	0.3175	0.0031719999999999526
3	0.3175	-0.0022320000000000118
4	0.3175	-0.0025340000000000362
5	0.3175	-0.003956000000000015
6	0.3175	-0.0019639999999999658
7	0.3175	-0.0038459999999999606
8	0.3175	-0.0030929999999999014
9	0.3175	0.008209000000000022
10	0.3175	0.014464000000000032
11	0.3175	0.023089000000000026
12	0.3175	0.010968000000000089
13	0.3175	0.00020199999999992446
14	0.3175	0.008152000000000048
15	0.3175	0.013427999999999995
16	0.3175	0.012616000000000072
17	0.3175	0.004521999999999915
18	0.3175	0.001790999999999987
19	0.3175	0.002809999999999979
20	0.3175	-0.004495000000000027
21	0.3175	-0.0012889999999999846
22	0.3175	-0.00025599999999992296
23	0.3175	-0.0015089999999999826
24	0.3175	-0.0026930000000000565
25	0.3175	-0.0013060000000000294
26	0.3175	-0.0017130000000000756
27	0.3175	0.0016180000000000083
28	0.3175	0.0000700000000000145
29	0.3175	0.004618000000000011
0	0.32	-0.0009379999999999944
1	0.32	0.0019640000000000213
2	0.32	0.005403000000000047
3	0.32	0.006559000000000037
4	0.32	0.00015699999999996272
5	0.32	0.001395000000000035
6	0.32	0.0003730000000000122
7	0.32	0.005274999999999974
8	0.32	0.0038169999999999593
9	0.32	0.001526999999999945
10	0.32	0.00823599999999991
11	0.32	0.002866000000000035
12	0.32	-0.0030489999999999684
13	0.32	-0.0014080000000000759
14	0.32	0.0067629999999999635
15	0.32	-0.003269999999999995
16	0.32	-0.005332000000000003
17	0.32	-0.003966000000000025
18	0.32	-0.003883000000000081
19	0.32	0.0021959999999999757
20	0.32	-0.00008399999999997299
21	0.32	0.0003189999999999582
22	0.32	-0.001399000000000039
23	0.32	0.0010170000000000456
24	0.32	0.0006059999999999954
25	0.32	-0.0003849999999999687
26	0.32	-0.00023899999999998922
27	0.32	-0.0014959999999999418
28	0.32	-0.00043999999999999595
29	0.32	0.012950000000000017
0	0.3225	-0.010666000000000009
1	0.3225	-0.0025439999999999907
2	0.3225	-0.006822999999999968
3	0.3225	0.006408999999999998
4	0.3225	0.00871700000000003
5	0.3225	-0.0065229999999999455
6	0.3225	0.00784600000000002
7	0.3225	0.003124999999999989
8	0.3225	0.013996999999999926
9	0.3225	0.016249999999999987
10	0.3225	0.0067310000000000425
11	0.3225	0.010848999999999998
12	0.3225	0.0036370000000000013
13	0.3225	-0.011600000000000055
14	0.3225	-0.002499000000000029
15	0.3225	-0.011669999999999958
16	0.3225	-0.00766
17	0.3225	-0.00048799999999993293
18	0.3225	-0.0021839999999999637
19	0.3225	0.00044600000000005746
20	0.3225	-0.002801999999999971
21	0.3225	-0.0007679999999999909
22	0.3225	-0.0007949999999999902
23	0.3225	0.0012370000000000436
24	0.3225	0.0013819999999999943
25	0.3225	0.0007779999999999454
26	0.3225	-0.001964000000000077
27	0.3225	-0.0020150000000001
28	0.3225	0.00008500000000000174
29	0.3225	0.007207999999999992
0	0.325	0.0006879999999999664
1	0.325	0.003361000000000003
2	0.325	0.009504000000000012
3	0.325	0.004836000000000007
4	0.325	-0.0025119999999999587
5	0.325	0.003239999999999965
6	0.325	0.00911099999999998
7	0.325	0.011936000000000058
8	0.325	0.012499000000000038
9	0.325	0.0025290000000000035
10	0.325	0.013991000000000087
11	0.325	-0.007959999999999967
12	0.325	-0.0015239999999999698
13	0.325	0.005417999999999923
14	0.325	0.015362000000000098
15	0.325	0.0022210000000000285
16	0.325	-0.001210999999999962
17	0.325	0.0011050000000000226
18	0.325	-0.006399999999999961
19	0.325	-0.008317000000000019
20	0.325	-0.0021560000000000468
21	0.325	-0.002581999999999973
22	0.325	0.0011140000000000594
23	0.325	-0.0003849999999999687
24	0.325	-0.004357999999999973
25	0.325	0.00034400000000001096
26	0.325	0.0002929999999999877
27	0.325	0.0009799999999999809
28	0.325	0.0020699999999999052
29	0.325	0.016915000000000013
0	0.3275	-0.008604
1	0.3275	-0.0012020000000000364
2	0.3275	0.007394999999999985
3	0.3275	0.003330999999999973
4	0.3275	-0.00017600000000000948
5	0.3275	0.00047000000000002595
6	0.3275	-0.001578999999999997
7	0.3275	0.001778999999999975
8	0.3275	-0.00012999999999996348
9	0.3275	0.013526999999999956
10	0.3275	0.012438999999999978
11	0.3275	0.011346999999999996
12	0.3275	0.0005469999999999642
13	0.3275	-0.0061269999999999936
14	0.3275	-0.012139000000000011
15	0.3275	-0.006734000000000018
16	0.3275	-0.008192000000000088
17	0.3275	-0.0016880000000000228
18	0.3275	-0.0004590000000000982
19	0.3275	-0.005302000000000029
20	0.3275	-0.0017860000000000653
21	0.3275	0.0007190000000000252
22	0.3275	-0.00031900000000006923
23	0.3275	0.0011280000000000179
24	0.3275	0.000036999999999953737
25	0.3275	-0.0007300000000000084
26	0.3275	-0.00019400000000002748
27	0.3275	0.0012689999999999646
28	0.3275	0.0021289999999999365
29	0.3275	0.009662999999999977
0	0.33	-0.0035319999999999796
1	0.33	0.002035000000000009
2	0.33	-0.0011720000000000064
3	0.33	0.002267000000000019
4	0.33	0.0020120000000000138
5	0.33	-0.00011600000000000499
6	0.33	-0.010321999999999942
7	0.33	-0.019616999999999996
8	0.33	-0.015676000000000023
9	0.33	-0.020259000000000027
10	0.33	-0.025247999999999937
11	0.33	-0.01909099999999997
12	0.33	0.0027400000000000757
13	0.33	-0.0021479999999999277
14	0.33	-0.0006920000000000259
15	0.33	-0.0019559999999999578
16	0.33	0.0003109999999999502
17	0.33	0.0013200000000000989
18	0.33	-0.00018899999999999473
19	0.33	-0.004129999999999967
20	0.33	0.0004999999999999449
21	0.33	0.0016040000000000498
22	0.33	0.002322999999999964
23	0.33	0.0005209999999999937
24	0.33	0.0009519999999999529
25	0.33	-0.0007309999999999262
26	0.33	-0.0021489999999999565
27	0.33	-0.0010959999999999859
28	0.33	-0.0005589999999999762
29	0.33	0.015217999999999954
0	0.3325	-0.0010000000000000009
1	0.3325	0.003176000000000012
2	0.3325	0.009894999999999987
3	0.3325	0.00016100000000002224
4	0.3325	-0.004247000000000001
5	0.3325	-0.015550999999999982
6	0.3325	-0.008162000000000003
7	0.3325	-0.005758000000000041
8	0.3325	0.025019000000000013
9	0.3325	0.02826799999999996
10	0.3325	0.02117799999999992
11	0.3325	0.01510200000000006
12	0.3325	0.00553300000000001
13	0.3325	0.00300200000000006
14	0.3325	-0.0024280000000000967
15	0.3325	-0.002902000000000071
16	0.3325	0.0002550000000000052
17	0.3325	-0.0017959999999999088
18	0.3325	-0.0035290000000000044
19	0.3325	-0.0035840000000000316
20	0.3325	-0.0026329999999999965
21	0.3325	0.002231000000000094
22	0.3325	0.004286000000000012
23	0.3325	0.0011769999999999836
24	0.3325	0.0003830000000000222
25	0.3325	-0.003126999999999991
26	0.3325	-0.0025440000000001017
27	0.3325	0.0007469999999999422
28	0.3325	0.000540000000000096
29	0.3325	0.01680399999999993
0	0.335	-0.006020999999999999
1	0.335	-0.0011140000000000039
2	0.335	0.00018499999999999073
3	0.335	-0.0049539999999999584
4	0.335	0.0062470000000000026
5	0.335	0.012514000000000025
6	0.335	0.03064
7	0.335	0.02211799999999997
8	0.335	0.004885000000000028
9	0.335	0.01318700000000006
10	0.335	0.015171000000000046
11	0.335	0.007236999999999938
12	0.335	0.00005499999999991623
13	0.335	0.0034049999999999914
14	0.335	0.004361999999999977
15	0.335	0.00019700000000000273
16	0.335	-0.0014659999999999673
17	0.335	-0.0021499999999999853
18	0.335	-0.003851000000000049
19	0.335	-0.000280000000000058
20	0.335	0.001831000000000027
21	0.335	-0.00020700000000006824
22	0.335	0.0015089999999999826
23	0.335	-0.004445000000000032
24	0.335	-0.0010090000000000376
25	0.335	-0.0012270000000000891
26	0.335	-0.00024999999999997247
27	0.335	-0.0016209999999999836
28	0.335	0.00017000000000000348
29	0.335	0.013796999999999948
0	0.3375	-0.00034400000000001096
1	0.3375	0.00523499999999999
2	0.3375	-0.0012119999999999909
3	0.3375	-0.007058999999999982
4	0.3375	-0.004176000000000013
5	0.3375	0.004271000000000025
6	0.3375	0.016436000000000006
7	0.3375	0.014029999999999987
8	0.3375	-0.005693999999999977
9	0.3375	-0.012399000000000049
10	0.3375	-0.0015419999999999323
11	0.3375	-0.0004790000000000072
12	0.3375	0.0019049999999999345
13	0.3375	-0.001354999999999995
14	0.3375	-0.004209000000000018
15	0.3375	-0.0006519999999999859
16	0.3375	-0.0048320000000000585
17	0.3375	-0.0006669999999999732
18	0.3375	-0.0013340000000000574
19	0.3375	-0.0008099999999999774
20	0.3375	-0.0019899999999999363
21	0.3375	-0.0019019999999999593
22	0.3375	-0.0005049999999999777
23	0.3375	-0.00028600000000000847
24	0.3375	-0.0002809999999999757
25	0.3375	-0.0014049999999999896
26	0.3375	0.001503000000000032
27	0.3375	0.0008480000000000709
28	0.3375	0.0013360000000000039
29	0.3375	0.018079999999999985
0	0.34	-0.011634999999999951
1	0.34	-0.001937000000000022
2	0.34	-0.003898999999999986
3	0.34	-0.008276999999999979
4	0.34	0.0008989999999999831
5	0.34	0.008878000000000053
6	0.34	0.011141999999999985
7	0.34	-0.019073999999999924
8	0.34	-0.009777999999999953
9	0.34	-0.004763000000000073
10	0.34	0.002882000000000051
11	0.34	0.005102999999999969
12	0.34	-0.0009549999999999281
13	0.34	0.002022999999999997
14	0.34	-0.004744999999999999
15	0.34	0.00036999999999998145
16	0.34	-0.0006220000000000114
17	0.34	-0.0018599999999999728
18	0.34	-0.0012240000000000029
19	0.34	0.00012699999999998823
20	0.34	-0.0043279999999999985
21	0.34	0.0010839999999999739
22	0.34	-0.0007939999999999614
23	0.34	0.0019530000000000936
24	0.34	-0.00018399999999996197
25	0.34	0.0006080000000000529
26	0.34	-0.0006909999999999972
27	0.34	0.00046200000000007346
28	0.34	0.0015560000000000018
29	0.34	0.015517000000000003
0	0.3425	-0.002593999999999985
1	0.3425	-0.0024899999999999922
2	0.3425	-0.0063770000000000215
3	0.3425	-0.002711999999999992
4	0.3425	0.002236999999999989
5	0.3425	-0.011352999999999946
6	0.3425	-0.016284999999999994
7	0.3425	-0.01619400000000004
8	0.3425	-0.014181
9	0.3425	0.0032720000000000526
10	0.3425	0.0005730000000000457
11	0.3425	0.0008559999999999679
12	0.3425	-0.007216
13	0.3425	-0.005195999999999978
14	0.3425	-0.0007869999999999822
15	0.3425	-0.00040799999999996395
16	0.3425	-0.00023899999999998922
17	0.3425	0.0046040000000000525
18	0.3425	0.0015850000000000586
19	0.3425	-0.0024859999999999882
20	0.3425	-0.0007710000000000772
21	0.3425	-0.00149100000000002
22	0.3425	-0.0014140000000000263
23	0.3425	-0.0011100000000000554
24	0.3425	-0.0028839999999999977
25	0.3425	-0.0013190000000000701
26	0.3425	-0.00009300000000000974
27	0.3425	-0.0006800000000000139
28	0.3425	0.0017369999999999886
29	0.3425	0.010529999999999928
0	0.345	-0.002615000000000034
1	0.345	0.0006499999999999839
2	0.345	-0.006211999999999995
3	0.345	0.0063549999999999995
4	0.345	0.0036790000000000433
5	0.345	-0.005345999999999962
6	0.345	0.002989999999999937
7	0.345	0.0013210000000000166
8	0.345	0.0038650000000000073
9	0.345	0.011307000000000067
10	0.345	0.009460000000000024
11	0.345	0.008569999999999967
12	0.345	-0.004090000000000038
13	0.345	-0.002722000000000002
14	0.345	0.0009080000000000199
15	0.345	-0.0001300000000000745
16	0.345	0.0008620000000000294
17	0.345	-0.00027199999999993896
18	0.345	-0.001574999999999993
19	0.345	0.0006239999999999579
20	0.345	-0.001831000000000027
21	0.345	-0.0018820000000000503
22	0.345	0.002958000000000016
23	0.345	-0.0005150000000000432
24	0.345	0.
25	0.345	0.0027089999999999614
26	0.345	0.0007730000000000237
27	0.345	-0.00023099999999998122
28	0.345	0.000064000000000064
29	0.345	0.010211999999999999
0	0.3475	-0.007635000000000058
1	0.3475	-0.006443000000000032
2	0.3475	-0.005794000000000021
3	0.3475	-0.007070999999999994
4	0.3475	-0.01463100000000006
5	0.3475	-0.009804000000000035
6	0.3475	-0.011322999999999972
7	0.3475	-0.000010999999999983245
8	0.3475	-0.004580999999999946
9	0.3475	-0.013067999999999969
10	0.3475	-0.0049240000000000395
11	0.3475	-0.006129999999999969
12	0.3475	0.0027610000000000134
13	0.3475	-0.0023659999999999792
14	0.3475	-0.004514000000000018
15	0.3475	0.003157999999999994
16	0.3475	0.0013769999999999616
17	0.3475	0.0012659999999999894
18	0.3475	0.0013719999999999288
19	0.3475	0.00037399999999998546
20	0.3475	-0.0027129999999999654
21	0.3475	0.00025199999999991896
22	0.3475	-0.00025799999999998047
23	0.3475	-0.00020799999999998597
24	0.3475	0.00014999999999998348
25	0.3475	0.0005359999999999809
26	0.3475	-0.00021399999999993646
27	0.3475	-0.0005660000000000664
28	0.3475	-0.0004959999999999409
29	0.3475	0.007589999999999986