0 0.000000 0.310083
1 0.000000 0.320583
2 0.000000 0.303000
3 0.000000 0.310667
4 0.000000 0.308500
5 0.000000 0.310667
6 0.000000 0.312333
7 0.000000 0.312833
8 0.000000 0.304417
9 0.000000 0.311250
10 0.000000 0.316000
11 0.000000 0.318333
12 0.000000 0.321917
13 0.000000 0.311083
14 0.000000 0.316083
15 0.000000 0.310917
16 0.000000 0.310917
17 0.000000 0.314750
18 0.000000 0.319583
19 0.000000 0.317833
20 0.000000 0.316833
21 0.000000 0.316417
22 0.000000 0.310167
23 0.000000 0.308000
24 0.000000 0.314917
25 0.000000 0.307167
26 0.000000 0.312500
27 0.000000 0.309667
28 0.000000 0.313750
29 0.000000 0.319667
0 0.025000 0.311333
1 0.025000 0.317750
2 0.025000 0.313083
3 0.025000 0.318417
4 0.025000 0.313250
5 0.025000 0.314917
6 0.025000 0.315333
7 0.025000 0.317833
8 0.025000 0.309833
9 0.025000 0.308083
10 0.025000 0.307750
11 0.025000 0.313667
12 0.025000 0.313417
13 0.025000 0.316083
14 0.025000 0.303583
15 0.025000 0.309083
16 0.025000 0.321000
17 0.025000 0.308083
18 0.025000 0.311000
19 0.025000 0.310417
20 0.025000 0.320500
21 0.025000 0.307417
22 0.025000 0.308667
23 0.025000 0.318583
24 0.025000 0.311250
25 0.025000 0.309083
26 0.025000 0.306833
27 0.025000 0.321417
28 0.025000 0.310333
29 0.025000 0.310167
0 0.050000 0.307833
1 0.050000 0.311667
2 0.050000 0.315583
3 0.050000 0.315250
4 0.050000 0.314917
5 0.050000 0.314667
6 0.050000 0.317500
7 0.050000 0.313250
8 0.050000 0.313500
9 0.050000 0.309917
10 0.050000 0.310667
11 0.050000 0.313750
12 0.050000 0.318417
13 0.050000 0.313250
14 0.050000 0.314750
15 0.050000 0.318250
16 0.050000 0.317500
17 0.050000 0.319833
18 0.050000 0.315000
19 0.050000 0.311750
20 0.050000 0.307500
21 0.050000 0.317000
22 0.050000 0.313833
23 0.050000 0.320083
24 0.050000 0.315750
25 0.050000 0.320417
26 0.050000 0.319250
27 0.050000 0.317667
28 0.050000 0.317167
29 0.050000 0.320417
0 0.075000 0.317833
1 0.075000 0.321000
2 0.075000 0.314583
3 0.075000 0.322833
4 0.075000 0.317000
5 0.075000 0.312333
6 0.075000 0.322000
7 0.075000 0.315333
8 0.075000 0.322333
9 0.075000 0.320750
10 0.075000 0.319750
11 0.075000 0.316167
12 0.075000 0.311833
13 0.075000 0.326583
14 0.075000 0.315167
15 0.075000 0.316000
16 0.075000 0.318667
17 0.075000 0.322500
18 0.075000 0.319917
19 0.075000 0.315667
20 0.075000 0.320167
21 0.075000 0.322083
22 0.075000 0.315083
23 0.075000 0.317417
24 0.075000 0.324250
25 0.075000 0.314083
26 0.075000 0.315750
27 0.075000 0.314333
28 0.075000 0.320500
29 0.075000 0.314250
0 0.100000 0.329083
1 0.100000 0.323833
2 0.100000 0.318583
3 0.100000 0.329000
4 0.100000 0.329250
5 0.100000 0.323750
6 0.100000 0.310750
7 0.100000 0.321333
8 0.100000 0.319500
9 0.100000 0.324083
10 0.100000 0.316833
11 0.100000 0.316917
12 0.100000 0.325000
13 0.100000 0.320750
14 0.100000 0.321167
15 0.100000 0.310917
16 0.100000 0.315333
17 0.100000 0.320667
18 0.100000 0.324583
19 0.100000 0.326667
20 0.100000 0.320250
21 0.100000 0.311833
22 0.100000 0.328583
23 0.100000 0.317667
24 0.100000 0.323750
25 0.100000 0.331917
26 0.100000 0.319917
27 0.100000 0.317917
28 0.100000 0.316917
29 0.100000 0.326750
0 0.125000 0.328583
1 0.125000 0.325000
2 0.125000 0.336083
3 0.125000 0.328000
4 0.125000 0.331667
5 0.125000 0.334333
6 0.125000 0.320917
7 0.125000 0.324250
8 0.125000 0.331583
9 0.125000 0.331417
10 0.125000 0.323250
11 0.125000 0.326500
12 0.125000 0.326083
13 0.125000 0.327833
14 0.125000 0.334500
15 0.125000 0.329000
16 0.125000 0.334833
17 0.125000 0.333583
18 0.125000 0.323417
19 0.125000 0.332167
20 0.125000 0.326250
21 0.125000 0.322000
22 0.125000 0.327750
23 0.125000 0.328500
24 0.125000 0.324833
25 0.125000 0.328333
26 0.125000 0.337250
27 0.125000 0.332333
28 0.125000 0.327167
29 0.125000 0.327917
0 0.150000 0.336667
1 0.150000 0.335833
2 0.150000 0.334833
3 0.150000 0.331917
4 0.150000 0.332333
5 0.150000 0.332250
6 0.150000 0.338750
7 0.150000 0.333167
8 0.150000 0.335000
9 0.150000 0.323583
10 0.150000 0.331333
11 0.150000 0.329500
12 0.150000 0.326333
13 0.150000 0.328083
14 0.150000 0.326000
15 0.150000 0.338500
16 0.150000 0.336667
17 0.150000 0.341083
18 0.150000 0.326667
19 0.150000 0.328583
20 0.150000 0.323000
21 0.150000 0.332667
22 0.150000 0.342583
23 0.150000 0.334000
24 0.150000 0.332750
25 0.150000 0.328833
26 0.150000 0.332250
27 0.150000 0.330667
28 0.150000 0.335667
29 0.150000 0.334167
0 0.175000 0.338000
1 0.175000 0.345500
2 0.175000 0.337750
3 0.175000 0.341417
4 0.175000 0.344167
5 0.175000 0.341083
6 0.175000 0.331750
7 0.175000 0.341333
8 0.175000 0.339167
9 0.175000 0.340417
10 0.175000 0.336417
11 0.175000 0.343500
12 0.175000 0.346750
13 0.175000 0.332667
14 0.175000 0.334333
15 0.175000 0.340500
16 0.175000 0.351917
17 0.175000 0.337750
18 0.175000 0.345833
19 0.175000 0.344250
20 0.175000 0.345417
21 0.175000 0.349500
22 0.175000 0.344167
23 0.175000 0.348917
24 0.175000 0.347833
25 0.175000 0.340667
26 0.175000 0.338833
27 0.175000 0.341417
28 0.175000 0.326833
29 0.175000 0.349583
0 0.200000 0.357000
1 0.200000 0.344750
2 0.200000 0.349500
3 0.200000 0.358750
4 0.200000 0.346250
5 0.200000 0.354167
6 0.200000 0.352333
7 0.200000 0.340750
8 0.200000 0.332417
9 0.200000 0.348917
10 0.200000 0.351667
11 0.200000 0.350000
12 0.200000 0.344083
13 0.200000 0.339167
14 0.200000 0.338500
15 0.200000 0.339333
16 0.200000 0.344833
17 0.200000 0.351083
18 0.200000 0.346333
19 0.200000 0.342083
20 0.200000 0.346750
21 0.200000 0.342083
22 0.200000 0.357333
23 0.200000 0.348833
24 0.200000 0.346917
25 0.200000 0.349667
26 0.200000 0.349250
27 0.200000 0.352417
28 0.200000 0.340500
29 0.200000 0.352167
0 0.225000 0.352833
1 0.225000 0.353667
2 0.225000 0.365000
3 0.225000 0.359583
4 0.225000 0.359000
5 0.225000 0.361833
6 0.225000 0.359917
7 0.225000 0.352833
8 0.225000 0.357083
9 0.225000 0.341250
10 0.225000 0.371167
11 0.225000 0.359750
12 0.225000 0.353167
13 0.225000 0.363833
14 0.225000 0.355917
15 0.225000 0.360083
16 0.225000 0.362333
17 0.225000 0.362917
18 0.225000 0.363500
19 0.225000 0.364083
20 0.225000 0.365833
21 0.225000 0.360000
22 0.225000 0.345833
23 0.225000 0.358000
24 0.225000 0.351417
25 0.225000 0.357667
26 0.225000 0.353083
27 0.225000 0.363250
28 0.225000 0.364417
29 0.225000 0.359083
0 0.250000 0.374583
1 0.250000 0.359083
2 0.250000 0.386167
3 0.250000 0.366583
4 0.250000 0.365417
5 0.250000 0.373917
6 0.250000 0.376167
7 0.250000 0.369500
8 0.250000 0.367000
9 0.250000 0.373167
10 0.250000 0.378500
11 0.250000 0.374833
12 0.250000 0.385583
13 0.250000 0.376167
14 0.250000 0.381917
15 0.250000 0.378500
16 0.250000 0.371417
17 0.250000 0.380250
18 0.250000 0.375167
19 0.250000 0.367583
20 0.250000 0.370500
21 0.250000 0.382250
22 0.250000 0.370167
23 0.250000 0.373167
24 0.250000 0.366167
25 0.250000 0.367667
26 0.250000 0.372500
27 0.250000 0.368750
28 0.250000 0.360250
29 0.250000 0.362583
0 0.275000 0.389250
1 0.275000 0.385083
2 0.275000 0.378250
3 0.275000 0.377250
4 0.275000 0.376250
5 0.275000 0.378333
6 0.275000 0.396750
7 0.275000 0.374417
8 0.275000 0.384000
9 0.275000 0.383417
10 0.275000 0.390083
11 0.275000 0.387333
12 0.275000 0.380417
13 0.275000 0.377333
14 0.275000 0.377083
15 0.275000 0.378083
16 0.275000 0.373833
17 0.275000 0.382250
18 0.275000 0.389000
19 0.275000 0.367500
20 0.275000 0.368333
21 0.275000 0.370417
22 0.275000 0.392333
23 0.275000 0.376167
24 0.275000 0.392833
25 0.275000 0.379750
26 0.275000 0.372667
27 0.275000 0.387500
28 0.275000 0.385083
29 0.275000 0.386667
0 0.300000 0.402250
1 0.300000 0.397333
2 0.300000 0.407000
3 0.300000 0.396750
4 0.300000 0.404500
5 0.300000 0.395000
6 0.300000 0.393000
7 0.300000 0.383917
8 0.300000 0.385333
9 0.300000 0.404000
10 0.300000 0.389667
11 0.300000 0.389667
12 0.300000 0.388417
13 0.300000 0.389583
14 0.300000 0.393833
15 0.300000 0.386917
16 0.300000 0.394833
17 0.300000 0.411750
18 0.300000 0.395667
19 0.300000 0.387583
20 0.300000 0.401833
21 0.300000 0.396417
22 0.300000 0.402250
23 0.300000 0.408917
24 0.300000 0.402500
25 0.300000 0.392667
26 0.300000 0.403917
27 0.300000 0.403417
28 0.300000 0.397667
29 0.300000 0.395417
0 0.325000 0.419333
1 0.325000 0.419500
2 0.325000 0.414250
3 0.325000 0.416583
4 0.325000 0.403583
5 0.325000 0.406750
6 0.325000 0.416417
7 0.325000 0.431000
8 0.325000 0.417583
9 0.325000 0.415417
10 0.325000 0.425000
11 0.325000 0.425667
12 0.325000 0.410500
13 0.325000 0.412833
14 0.325000 0.412167
15 0.325000 0.418417
16 0.325000 0.419333
17 0.325000 0.430417
18 0.325000 0.432667
19 0.325000 0.421833
20 0.325000 0.410750
21 0.325000 0.411750
22 0.325000 0.426000
23 0.325000 0.403000
24 0.325000 0.406083
25 0.325000 0.408333
26 0.325000 0.418750
27 0.325000 0.408167
28 0.325000 0.433583
29 0.325000 0.419833
0 0.350000 0.422500
1 0.350000 0.435083
2 0.350000 0.428417
3 0.350000 0.432333
4 0.350000 0.434917
5 0.350000 0.429167
6 0.350000 0.430583
7 0.350000 0.426000
8 0.350000 0.430083
9 0.350000 0.440333
10 0.350000 0.447083
11 0.350000 0.440417
12 0.350000 0.437333
13 0.350000 0.433833
14 0.350000 0.439083
15 0.350000 0.440917
16 0.350000 0.446333
17 0.350000 0.431917
18 0.350000 0.426583
19 0.350000 0.437417
20 0.350000 0.439667
21 0.350000 0.440750
22 0.350000 0.435750
23 0.350000 0.435583
24 0.350000 0.437167
25 0.350000 0.438500
26 0.350000 0.436917
27 0.350000 0.432750
28 0.350000 0.430583
29 0.350000 0.428667
0 0.375000 0.482500
1 0.375000 0.510667
2 0.375000 0.479833
3 0.375000 0.483083
4 0.375000 0.481583
5 0.375000 0.466333
6 0.375000 0.466500
7 0.375000 0.484667
8 0.375000 0.473250
9 0.375000 0.456083
10 0.375000 0.466750
11 0.375000 0.491750
12 0.375000 0.491000
13 0.375000 0.472667
14 0.375000 0.451500
15 0.375000 0.463083
16 0.375000 0.473167
17 0.375000 0.487000
18 0.375000 0.486250
19 0.375000 0.466750
20 0.375000 0.477750
21 0.375000 0.475250
22 0.375000 0.482667
23 0.375000 0.492667
24 0.375000 0.518250
25 0.375000 0.507167
26 0.375000 0.488083
27 0.375000 0.493250
28 0.375000 0.475250
29 0.375000 0.464750
0 0.400000 0.670167
1 0.400000 0.668417
2 0.400000 0.683583
3 0.400000 0.738250
4 0.400000 0.741667
5 0.400000 0.748750
6 0.400000 0.722250
7 0.400000 0.744750
8 0.400000 0.710833
9 0.400000 0.672500
10 0.400000 0.693750
11 0.400000 0.718000
12 0.400000 0.721083
13 0.400000 0.733500
14 0.400000 0.722167
15 0.400000 0.736250
16 0.400000 0.771000
17 0.400000 0.749667
18 0.400000 0.730833
19 0.400000 0.687083
20 0.400000 0.727583
21 0.400000 0.757583
22 0.400000 0.767417
23 0.400000 0.714167
24 0.400000 0.709500
25 0.400000 0.741083
26 0.400000 0.750667
27 0.400000 0.710333
28 0.400000 0.679833
29 0.400000 0.652500
0 0.425000 0.913750
1 0.425000 0.912250
2 0.425000 0.921083
3 0.425000 0.915833
4 0.425000 0.903750
5 0.425000 0.906333
6 0.425000 0.908750
7 0.425000 0.888167
8 0.425000 0.895583
9 0.425000 0.894667
10 0.425000 0.903500
11 0.425000 0.914333
12 0.425000 0.906333
13 0.425000 0.890833
14 0.425000 0.898917
15 0.425000 0.910417
16 0.425000 0.911417
17 0.425000 0.896167
18 0.425000 0.861833
19 0.425000 0.855583
20 0.425000 0.905417
21 0.425000 0.879333
22 0.425000 0.864417
23 0.425000 0.896417
24 0.425000 0.913583
25 0.425000 0.888417
26 0.425000 0.874167
27 0.425000 0.871583
28 0.425000 0.889167
29 0.425000 0.887000
0 0.450000 0.957750
1 0.450000 0.938333
2 0.450000 0.932000
3 0.450000 0.942667
4 0.450000 0.939583
5 0.450000 0.935000
6 0.450000 0.922667
7 0.450000 0.952167
8 0.450000 0.955667
9 0.450000 0.948167
10 0.450000 0.946417
11 0.450000 0.946833
12 0.450000 0.957500
13 0.450000 0.951833
14 0.450000 0.945583
15 0.450000 0.951083
16 0.450000 0.952583
17 0.450000 0.955667
18 0.450000 0.949333
19 0.450000 0.947833
20 0.450000 0.944750
21 0.450000 0.935417
22 0.450000 0.952000
23 0.450000 0.951667
24 0.450000 0.942250
25 0.450000 0.940500
26 0.450000 0.942083
27 0.450000 0.945500
28 0.450000 0.955333
29 0.450000 0.964667
0 0.475000 0.965167
1 0.475000 0.953167
2 0.475000 0.947667
3 0.475000 0.956500
4 0.475000 0.955917
5 0.475000 0.966583
6 0.475000 0.972750
7 0.475000 0.964250
8 0.475000 0.963333
9 0.475000 0.965000
10 0.475000 0.963417
11 0.475000 0.966667
12 0.475000 0.961833
13 0.475000 0.964750
14 0.475000 0.966333
15 0.475000 0.969833
16 0.475000 0.956833
17 0.475000 0.961417
18 0.475000 0.971083
19 0.475000 0.969583
20 0.475000 0.956750
21 0.475000 0.967417
22 0.475000 0.969667
23 0.475000 0.971083
24 0.475000 0.972500
25 0.475000 0.970583
26 0.475000 0.971500
27 0.475000 0.975500
28 0.475000 0.975083
29 0.475000 0.973000
